0 0.6322115384615384 0.47115384615384615 0.0733173076923077 0.04326923076923077
0 0.5673076923076923 0.23798076923076922 0.10096153846153846 0.09975961538461539
0 0.8966346153846154 0.15504807692307693 0.1310096153846154 0.1622596153846154
0 0.6598557692307693 0.08173076923076923 0.1141826923076923 0.1346153846153846
0 0.5120192307692307 0.10096153846153846 0.09975961538461539 0.11899038461538461
0 0.4254807692307692 0.21754807692307693 0.0829326923076923 0.07932692307692307
0 0.2091346153846154 0.2956730769230769 0.35096153846153844 0.3076923076923077
0 0.06370192307692307 0.09254807692307693 0.12620192307692307 0.17307692307692307
0 0.47836538461538464 0.47836538461538464 0.11057692307692307 0.11057692307692307
0 0.6706730769230769 0.25841346153846156 0.09254807692307693 0.08774038461538461
0 0.8028846153846154 0.08774038461538461 0.10096153846153846 0.12139423076923077
0 0.3581730769230769 0.037259615384615384 0.13581730769230768 0.05889423076923077
0 0.5288461538461539 0.4254807692307692 0.04807692307692308 0.057692307692307696
0 0.6057692307692307 0.021634615384615384 0.13701923076923078 0.02403846153846154