0 0.21394230769230768 0.5516826923076923 0.38221153846153844 0.23798076923076922
0 0.3605769230769231 0.7596153846153846 0.31971153846153844 0.2620192307692308
0 0.5625 0.48677884615384615 0.2536057692307692 0.2932692307692308
0 0.6754807692307693 0.6298076923076923 0.12860576923076922 0.14423076923076922
0 0.5144230769230769 0.5709134615384616 0.06610576923076923 0.05889423076923077
0 0.5528846153846154 0.6370192307692307 0.07451923076923077 0.07692307692307693
0 0.3425480769230769 0.2247596153846154 0.5276442307692307 0.35336538461538464
0 0.7043269230769231 0.47836538461538464 0.09014423076923077 0.11778846153846154
0 0.7043269230769231 0.4831730769230769 0.08653846153846154 0.109375
0 0.23317307692307693 0.9699519230769231 0.09375 0.057692307692307696
0 0.3798076923076923 0.025240384615384616 0.15384615384615385 0.05048076923076923