0 0.8221153846153846 0.6814903846153846 0.2620192307692308 0.375
0 0.6009615384615384 0.6213942307692307 0.25 0.20192307692307693
0 0.7608173076923077 0.36658653846153844 0.27163461538461536 0.23918269230769232
0 0.5432692307692307 0.4543269230769231 0.15144230769230768 0.12379807692307693
0 0.38461538461538464 0.4807692307692308 0.11538461538461539 0.11298076923076923
0 0.5168269230769231 0.7920673076923077 0.16105769230769232 0.17307692307692307
0 0.4375 0.5997596153846154 0.09495192307692307 0.09975961538461539
0 0.6141826923076923 0.21995192307692307 0.3798076923076923 0.3425480769230769
0 0.44471153846153844 0.15504807692307693 0.078125 0.078125
0 0.3112980769230769 0.22235576923076922 0.1658653846153846 0.15144230769230768
0 0.3269230769230769 0.35697115384615385 0.1971153846153846 0.16346153846153846
0 0.36899038461538464 0.7043269230769231 0.12980769230769232 0.12139423076923077
0 0.2932692307692308 0.6237980769230769 0.06971153846153846 0.0733173076923077
0 0.24639423076923078 0.5480769230769231 0.07932692307692307 0.08774038461538461