0 0.6081730769230769 0.8822115384615384 0.1201923076923077 0.125
0 0.11057692307692307 0.3786057692307692 0.21995192307692307 0.2692307692307692
0 0.5697115384615384 0.5805288461538461 0.06610576923076923 0.0673076923076923
0 0.3425480769230769 0.6177884615384616 0.16706730769230768 0.21153846153846154
0 0.28365384615384615 0.3473557692307692 0.16826923076923078 0.24639423076923078
0 0.41586538461538464 0.4963942307692308 0.09495192307692307 0.11899038461538461
0 0.42788461538461536 0.3605769230769231 0.056490384615384616 0.06370192307692307
0 0.6418269230769231 0.24879807692307693 0.08653846153846154 0.125
0 0.6766826923076923 0.38461538461538464 0.056490384615384616 0.07211538461538461
0 0.7259615384615384 0.31850961538461536 0.08413461538461539 0.11778846153846154
0 0.5901442307692307 0.3088942307692308 0.06850961538461539 0.08653846153846154
0 0.4879807692307692 0.21514423076923078 0.10817307692307693 0.10096153846153846