0 0.8221153846153846 0.5685096153846154 0.18028846153846154 0.12620192307692307
0 0.6598557692307693 0.5841346153846154 0.1778846153846154 0.18389423076923078
0 0.5072115384615384 0.7019230769230769 0.11057692307692307 0.11298076923076923
0 0.4963942307692308 0.4579326923076923 0.08413461538461539 0.08653846153846154
0 0.39903846153846156 0.29927884615384615 0.09375 0.08774038461538461
0 0.3629807692307692 0.43149038461538464 0.09254807692307693 0.08653846153846154
0 0.3401442307692308 0.7932692307692307 0.125 0.11899038461538461
0 0.17067307692307693 0.4879807692307692 0.0889423076923077 0.12379807692307693
0 0.2608173076923077 0.6706730769230769 0.125 0.07692307692307693
0 0.4050480769230769 0.6610576923076923 0.07211538461538461 0.0829326923076923
0 0.2283653846153846 0.8425480769230769 0.125 0.15745192307692307
0 0.16947115384615385 0.7379807692307693 0.0673076923076923 0.0829326923076923
0 0.12620192307692307 0.09975961538461539 0.1466346153846154 0.1875
0 0.24278846153846154 0.2620192307692308 0.08173076923076923 0.06971153846153846
0 0.07932692307692307 0.38822115384615385 0.06971153846153846 0.06850961538461539
0 0.08052884615384616 0.6129807692307693 0.09975961538461539 0.16826923076923078