0 0.8858173076923077 0.056490384615384616 0.22355769230769232 0.11298076923076923
0 0.33413461538461536 0.1622596153846154 0.25961538461538464 0.3233173076923077
0 0.08413461538461539 0.2692307692307692 0.16706730769230768 0.19471153846153846
0 0.36778846153846156 0.4026442307692308 0.12980769230769232 0.1346153846153846
0 0.609375 0.16947115384615385 0.15504807692307693 0.18629807692307693
0 0.5480769230769231 0.4206730769230769 0.10576923076923077 0.13942307692307693
0 0.13581730769230768 0.5793269230769231 0.27163461538461536 0.19230769230769232
0 0.4735576923076923 0.5456730769230769 0.0829326923076923 0.06971153846153846
0 0.7139423076923077 0.38461538461538464 0.1045673076923077 0.09735576923076923
0 0.8064903846153846 0.22956730769230768 0.09495192307692307 0.11298076923076923
0 0.5949519230769231 0.5120192307692307 0.07692307692307693 0.0625
0 0.34975961538461536 0.5432692307692307 0.12379807692307693 0.10336538461538461
0 0.4807692307692308 0.3293269230769231 0.07932692307692307 0.09375
0 0.4963942307692308 0.609375 0.056490384615384616 0.0733173076923077