0 0.4362980769230769 0.7824519230769231 0.2644230769230769 0.390625
0 0.22235576923076922 0.6911057692307693 0.2776442307692308 0.3245192307692308
0 0.4699519230769231 0.42908653846153844 0.30649038461538464 0.2608173076923077
0 0.31971153846153844 0.3557692307692308 0.1502403846153846 0.1310096153846154
0 0.390625 0.4963942307692308 0.0625 0.0673076923076923
0 0.3245192307692308 0.47475961538461536 0.07932692307692307 0.07692307692307693
0 0.7427884615384616 0.5745192307692307 0.38461538461538464 0.5324519230769231
0 0.4651442307692308 0.28966346153846156 0.12139423076923077 0.09375
0 0.45913461538461536 0.2920673076923077 0.1141826923076923 0.08774038461538461
0 0.030048076923076924 0.8641826923076923 0.06009615384615385 0.0985576923076923
0 0.9387019230769231 0.48677884615384615 0.0733173076923077 0.15504807692307693