0 0.5901442307692307 0.2932692307692308 0.057692307692307696 0.0829326923076923
0 0.8269230769230769 0.38461538461538464 0.11778846153846154 0.11778846153846154
0 0.9194711538461539 0.06370192307692307 0.15625 0.12740384615384615
0 0.9579326923076923 0.30288461538461536 0.08413461538461539 0.12980769230769232
0 0.9483173076923077 0.4543269230769231 0.10336538461538461 0.11778846153846154
0 0.8401442307692307 0.5348557692307693 0.09254807692307693 0.09495192307692307
0 0.7439903846153846 0.75 0.36899038461538464 0.40024038461538464
0 0.9194711538461539 0.9026442307692307 0.16105769230769232 0.11298076923076923
0 0.5721153846153846 0.4495192307692308 0.13221153846153846 0.12860576923076922
0 0.8137019230769231 0.27403846153846156 0.1045673076923077 0.10336538461538461
0 0.9627403846153846 0.15504807692307693 0.0733173076923077 0.11538461538461539
0 0.9891826923076923 0.6201923076923077 0.021634615384615384 0.14423076923076922
0 0.6310096153846154 0.4050480769230769 0.06610576923076923 0.056490384615384616