0 0.3581730769230769 0.010817307692307692 0.17668269230769232 0.021634615384615384
0 0.7872596153846154 0.7752403846153846 0.09495192307692307 0.08653846153846154
0 0.7079326923076923 0.7115384615384616 0.12620192307692307 0.12620192307692307
0 0.765625 0.5625 0.1141826923076923 0.10096153846153846
0 0.48677884615384615 0.3485576923076923 0.28725961538461536 0.2668269230769231
0 0.2956730769230769 0.13701923076923078 0.21995192307692307 0.2692307692307692
0 0.21153846153846154 0.5144230769230769 0.27524038461538464 0.22355769230769232
0 0.39783653846153844 0.5408653846153846 0.12139423076923077 0.15264423076923078
0 0.040865384615384616 0.7475961538461539 0.08173076923076923 0.10576923076923077
0 0.13221153846153846 0.6838942307692307 0.09975961538461539 0.09014423076923077
0 0.29086538461538464 0.7668269230769231 0.2980769230769231 0.19951923076923078
0 0.2644230769230769 0.9074519230769231 0.27524038461538464 0.16105769230769232
0 0.5408653846153846 0.9074519230769231 0.07932692307692307 0.1045673076923077