0 0.43149038461538464 0.7956730769230769 0.25721153846153844 0.4074519230769231
0 0.23317307692307693 0.6382211538461539 0.27403846153846156 0.3125
0 0.515625 0.4326923076923077 0.30288461538461536 0.24519230769230768
0 0.37740384615384615 0.3233173076923077 0.14903846153846154 0.12379807692307693
0 0.42788461538461536 0.48197115384615385 0.0625 0.06370192307692307
0 0.36538461538461536 0.44471153846153844 0.08173076923076923 0.0733173076923077
0 0.7668269230769231 0.6466346153846154 0.3737980769230769 0.515625
0 0.5300480769230769 0.29086538461538464 0.1201923076923077 0.08774038461538461
0 0.5240384615384616 0.2920673076923077 0.1141826923076923 0.08413461538461539
0 0.02403846153846154 0.7668269230769231 0.046875 0.09375
0 0.9627403846153846 0.6045673076923077 0.052884615384615384 0.1502403846153846